950
395 322
477 62
114 24
61 637
484 504
23 26
309 178
100 27
138 626
115 243
538 493
253 641
265 652
596 279
351 321
804 192
284 195
488 875
631 224
454 321
307 3
726 74
512 50
707 391
646 662
311 719
99 24
901 619
754 570
62 207
840 401
37 103
131 68
398 561
331 772
228 923
128 136
865 868
459 618
546 169
659 11
118 67
552 558
20 25
89 778
498 326
839 733
492 434
86 581
727 453
563 263
37 528
5 12
217 109
299 636
490 687
90 799
31 172
550 37
69 66
391 336
188 746
693 523
190 119
263 764
78 47
567 484
271 62
32 278
865 318
199 640
29 606
442 869
138 714
886 156
452 22
132 298
222 153
313 717
203 80
119 809
376 755
689 117
263 254
503 367
14 332
304 384
169 159
2 1
910 471
267 600
90 69
306 329
81 32
74 10
153 499
819 443
604 137
545 505
124 62
28 56
305 648
634 37
275 178
16 178
19 48
761 342
22 836
328 234
432 156
801 936
51 204
199 7
191 547
337 399
60 183
496 146
866 689
250 572
161 146
133 113
195 904
308 82
98 481
448 412
139 70
784 41
411 266
267 172
838 145
680 416
6 880
57 262
156 40
36 463
853 407
205 501
2 31
765 548
913 358
816 357
536 10
115 540
41 549
513 103
72 645
127 520
716 518
6 490
614 168
813 803
175 40
590 42
112 421
738 592
594 545
26 871
13 356
428 654
394 30
239 400
115 50
62 150
266 446
128 261
676 72
9 38
437 157
252 222
21 53
889 104
11 19
758 540
40 13
508 767
739 671
237 644
165 426
938 313
153 317
165 485
483 792
461 458
89 464
941 581
121 846
527 782
318 80
588 498
354 800
603 149
250 195
365 65
735 803
122 206
595 244
333 244
323 345
762 145
34 242
129 674
201 19
35 143
664 729
341 476
85 142
548 710
541 124
729 830
4 113
3 8
190 757
32 30
413 776
26 44
56 77
493 124
126 44
19 233
350 260
23 13
127 537
340 781
362 759
59 368
131 141
96 793
44 418
466 188
17 377
256 73
154 62
3 303
134 102
509 484
22 87
305 424
98 163
692 503
505 83
42 15
524 241
735 919
195 112
1 41
410 97
788 768
250 363
473 219
23 434
712 32
15 55
80 32
438 510
158 181
617 536
161 314
743 565
116 366
694 530
489 171
287 374
347 173
146 831
37 245
623 273
367 136
367 740
820 758
55 193
918 320
335 447
76 165
656 287
757 914
760 99
43 116
335 500
343 164
387 224
43 451
188 11
84 106
790 366
435 338
920 750
297 3
169 518
341 40
592 700
161 483
21 17
380 37
525 456
533 1
291 138
220 612
29 240
253 935
184 107
864 721
71 841
318 402
259 357
61 19
514 170
873 662
79 39
440 655
419 271
679 825
870 350
7 18
371 909
3 1
441 39
677 768
678 133
272 462
531 515
695 559
75 88
407 35
501 711
28 26
50 218
16 85
834 123
632 276
899 327
295 299
355 166
300 311
533 797
879 327
539 344
346 251
130 668
467 391
237 653
773 121
86 187
301 296
203 205
583 7
927 147
66 786
369 368
821 675
91 170
288 86
330 798
950 795
31 649
639 370
750 140
22 30
428 44
237 186
104 84
4 337
302 145
507 155
657 523
708 291
101 108
306 293
146 202
361 120
731 259
355 665
344 206
544 377
783 878
277 206
433 322
608 142
476 527
494 749
261 286
112 265
562 13
95 535
439 810
270 180
336 297
3 14
152 106
73 220
151 41
709 289
326 311
548 591
159 33
50 66
30 304
927 937
254 453
294 415
24 5
552 12
5 1
318 566
319 211
613 630
70 58
620 354
29 12
914 946
65 283
165 221
445 286
625 257
409 197
372 197
358 364
358 65
20 22
423 295
548 472
168 154
460 321
73 13
338 526
448 455
68 105
194 860
315 406
234 425
916 30
257 902
122 414
164 371
940 228
702 390
376 54
397 422
585 168
592 243
117 63
8 925
34 14
375 61
84 27
705 26
124 443
4 610
249 65
742 553
230 534
257 310
948 764
678 943
133 601
732 217
854 900
779 602
181 246
115 214
5 472
394 703
33 47
273 230
627 744
87 412
120 36
300 145
877 882
519 306
72 917
67 37
77 230
827 316
502 64
272 756
298 482
153 120
515 933
240 352
311 817
164 33
24 186
289 264
334 173
145 10
272 643
552 930
14 35
382 4
333 635
7 82
166 615
497 658
439 506
487 326
823 754
47 93
783 81
811 292
49 575
2 4
11 166
176 17
8 232
96 290
885 460
367 802
33 587
677 130
8 179
354 881
642 222
198 194
50 132
259 330
129 529
334 598
203 342
672 593
686 419
92 17
47 696
430 264
559 534
362 184
2 932
264 939
208 459
272 81
86 210
372 468
47 285
135 74
126 431
589 186
327 560
633 152
94 327
301 579
360 450
196 84
267 806
211 586
215 236
906 565
855 388
2 144
168 223
724 279
204 420
763 12
227 225
842 288
903 808
6 174
392 227
340 204
184 379
211 164
627 143
399 602
322 108
471 364
837 54
127 61
386 350
486 53
177 132
167 97
323 26
102 130
219 88
231 206
231 685
397 272
352 370
61 926
282 135
795 121
947 850
381 34
861 53
14 215
97 17
461 852
145 728
119 683
669 862
115 530
255 593
30 155
7 573
173 125
293 50
66 892
787 465
324 154
435 660
263 720
39 6
86 79
207 259
551 944
690 843
276 220
100 140
185 85
334 723
333 413
735 38
817 924
822 820
876 528
419 706
119 149
408 85
229 663
32 109
480 184
897 29
394 578
203 295
137 171
60 440
688 45
614 893
91 5
184 818
3 722
380 613
713 370
241 851
622 112
6 2
192 121
747 410
745 185
858 506
898 440
727 808
111 239
159 182
14 27
36 844
226 53
11 50
539 895
872 870
715 292
569 313
949 881
311 444
245 777
54 41
49 35
647 626
53 912
750 850
543 211
103 730
224 72
323 427
200 112
646 21
129 417
357 439
7 5
262 922
279 263
497 888
258 185
60 89
348 736
283 681
734 630
828 141
576 157
15 33
200 389
316 43
210 771
77 123
136 393
238 110
138 216
142 416
302 638
785 584
58 137
162 21
17 76
94 36
807 409
302 320
572 847
95 6
599 429
824 702
13 6
37 5
630 741
335 135
209 196
801 107
661 464
671 321
867 137
217 253
194 121
210 891
328 488
102 770
721 534
521 556
390 352
331 74
419 438
691 246
308 494
760 859
877 445
666 224
449 382
96 43
664 428
86 191
474 266
38 63
115 274
399 905
856 468
517 789
769 484
6 68
429 80
442 156
19 58
360 555
212 144
518 907
95 158
60 107
363 921
931 465
119 18
349 214
628 617
628 942
656 832
780 27
185 266
52 30
23 287
62 20
748 667
511 884
682 663
815 409
9 111
228 119
398 130
774 482
90 251
565 497
61 465
619 494
6 584
571 342
257 312
147 81
128 119
120 458
17 5
255 44
155 673
863 205
675 546
690 265
468 611
127 157
629 110
501 766
111 241
857 741
621 286
805 144
292 232
469 278
470 225
752 727
280 24
285 624
338 120
145 189
396 291
13 45
124 457
294 259
47 553
91 495
568 227
341 698
718 313
526 557
896 856
845 629
854 408
551 228
598 699
99 833
464 751
305 5
433 478
71 17
281 78
566 580
239 475
58 65
375 605
472 826
71 373
894 508
401 265
254 131
257 256
46 42
523 125
651 492
364 436
443 517
10 64
116 125
17 829
733 672
835 333
164 574
148 51
113 244
226 607
42 43
79 138
908 97
92 725
577 506
91 98
200 405
670 64
348 69
304 597
2 10
653 934
141 704
126 313
197 172
200 582
11 101
234 2
65 72
244 321
325 245
264 67
737 283
887 459
311 570
915 269
339 211
51 23
280 491
791 569
