4376.61351193
4562.69282193
4718.79393193
4849.83442193
4986.89333193
5133.96174193
5262.05670193
5448.13601193
5576.19459193
5732.29570193
5861.33829193
5990.38088193
6121.42137193
6250.46396193
6349.53237193
6477.59095193
6605.68591193
6708.69510193
6805.74786193
6991.82717193
7104.91123193
7175.94834193
7313.00725193
7400.03928193
7457.06074193
7585.15570193
7699.19863193
7846.26704193
7977.30753193
8064.33956193
8211.40797193
8340.45056193
8477.50947193
8606.55206193
8734.64702193
8920.72633193
8991.76344193
9177.84275193
9290.92681193
9419.96940193
9576.07051193
9704.12909193
9791.16112193
9878.19315193
10006.2881119
10134.3830719
10262.4780319
10448.5573419
10585.6162519
10699.6591819
10836.7180919
10939.7272819
11010.7643919
11111.8120719
11224.8961319
11337.9801919
11501.0435219
11632.0840119
11745.1680719
11860.1950119
12023.2583419
12136.3424019
12264.4009819
12411.4693919
12524.5534519
12637.6375119
12708.6746219
12809.7223019
12923.7652319
12994.8023419
13123.8449319
13252.8875219
13438.9668319
13570.0073219
13671.0550019
13772.1026819
13901.1452719
14002.1929519
14116.2358819
14302.3151919
14415.3992519
14543.4578319
14729.5371419
14858.5797319
14972.6226619
15109.6815719
